.Random.seed <-
c(10403L, 10L, 1990119571L, -1227117758L, -264084236L, 486854903L, 
-473495315L, -716756092L, 634512810L, -576488683L, -1726453329L, 
-1043650122L, -641069088L, 1861279523L, 1953353793L, -469726416L, 
-2051735218L, 1162867641L, 1127114187L, -603810182L, -1449092228L, 
-211110977L, -962569067L, 751706796L, -346734462L, -404058019L, 
-1793661097L, -1224828354L, 492842616L, -1839755941L, -173884231L, 
-926640888L, -1449355338L, -1954906895L, 322706211L, -1431773838L, 
39204804L, 933417863L, -371818147L, 1537900372L, 943195514L, 
1260863685L, -1808448993L, 154469798L, 328148784L, 885304787L, 
-1776149519L, -48046816L, 79150014L, -632179767L, 1751876475L, 
-564256438L, -1792660052L, -1210541905L, 1579491941L, -871605732L, 
1987744882L, -1560065299L, -450570457L, 838538062L, -982574168L, 
-1633755221L, 1418636489L, 1951726808L, -286932602L, -1769711519L, 
773478899L, -26359710L, -677085484L, -1081317417L, -2091190835L, 
1327632740L, -2131405494L, -1815456587L, 326595599L, 1278168342L, 
-1221740608L, 1661657987L, -2015587935L, 318373264L, 2034191982L, 
-969721831L, -131406677L, 222017690L, -1972557732L, 284796255L, 
-303911115L, -1734647092L, -237559774L, 1176365693L, -1232535689L, 
88141982L, -786469032L, 523647675L, 1891484761L, -2123522072L, 
-610186730L, -1776841327L, -345483709L, 437314898L, 1934166500L, 
-1515395033L, -830278531L, 1688942964L, -963054246L, -618921051L, 
-802393153L, -1758969786L, -2074243376L, 633239795L, 295489041L, 
1612798016L, 1385516062L, -1923945751L, 1358991387L, -1916889046L, 
1705216844L, 517925135L, -314811323L, 256056828L, -829993902L, 
-1023734323L, -541683833L, -364959122L, -1395602872L, -1425531829L, 
-1934180951L, -779865864L, -57592794L, 1256011073L, -1302052141L, 
-1118319998L, -115052364L, 2132844599L, -1859734739L, -294082492L, 
392762730L, 881836501L, -1408256145L, 2079321718L, -2143215200L, 
-1490180509L, -1612660991L, 417107568L, -232953330L, -187620743L, 
-16224757L, 266567482L, 1656079932L, -1574507137L, -1643168043L, 
-536637716L, 1053147202L, 1595008925L, 823817751L, -2104603778L, 
1371719992L, -131062245L, 1603692409L, 140190152L, 1465155062L, 
-373481423L, -882898333L, -1573693902L, 2067604356L, 1665647047L, 
609888413L, -1745559532L, -1079200070L, -466934011L, 84051167L, 
-1400101530L, 1285820656L, 1841370131L, 1148426673L, -870943648L, 
1417183742L, -1650276983L, 1144029883L, -1138250102L, -1589704340L, 
1851371247L, -987416283L, -485230628L, -1018735182L, -1420573523L, 
-2089311129L, -604071026L, 87981160L, -1631455125L, -1758207479L, 
43265176L, 958685126L, 509473569L, -2125291597L, 611481378L, 
-1195669228L, -2016851561L, 485251469L, -1091862364L, -2070070646L, 
606318837L, -1411901617L, 483692630L, -202310912L, 1767149123L, 
1655682529L, -1098538672L, -547686482L, 517131609L, -1146184853L, 
-1175938342L, 1628044188L, 1279469471L, 2047766005L, -702463860L, 
724533602L, 1735736637L, -1161392713L, -138134946L, -1877210216L, 
-1577065733L, 478390937L, -102288600L, -853409322L, -325521839L, 
2020936963L, 561258642L, -878774748L, 469452722L, 1978968560L, 
-1744529980L, -936185000L, -322023558L, 1189635504L, 1790279100L, 
66530388L, -572559422L, 769865504L, -75185220L, -1305592240L, 
1411152354L, 390931816L, -1076308660L, -1375757060L, 388891378L, 
902015744L, -1298280844L, 672431112L, -94074438L, -932738096L, 
-895019540L, 1815142292L, -602534190L, 82700896L, 870389068L, 
65876256L, -125942142L, 1562920424L, -442541076L, 246938172L, 
276932210L, 1837030256L, 1009326372L, -1632400840L, -684930662L, 
-297292336L, 1144122812L, -274168684L, -825798526L, -514173504L, 
618579772L, -1187964784L, -73340126L, 750969352L, 1161158924L, 
771139996L, 280271378L, 2131509120L, -55586028L, 720927016L, 
803602490L, 828683216L, 1757038188L, 1194996276L, -1255614830L, 
-1617220256L, -1182719668L, 1496372192L, 723755426L, -1175363160L, 
-380944756L, 110319036L, 102736498L, 1903528944L, -1398851004L, 
319152216L, -1665002438L, -453518224L, -126237636L, 933993748L, 
1364673218L, -1740196128L, -976323460L, -411245872L, -1193786974L, 
-1902316504L, 1569748748L, 1621583292L, -1374091470L, -1719267648L, 
-71456716L, -216723768L, -189290310L, 1671135888L, -1936357652L, 
-927772076L, -1847013742L, -1069689568L, -1992327732L, -2096435488L, 
1211006146L, 522230824L, -878066772L, 9537212L, -1683879950L, 
-1430113744L, 1907243940L, 1045702072L, -2135693478L, -1815095152L, 
-125802628L, 153765140L, -1166999230L, 1351097600L, -894631492L, 
-1042178736L, 1918863650L, -333876664L, 406141964L, 1281815132L, 
881481170L, 1967308288L, 1457475924L, -1410104088L, -1896163078L, 
-381726000L, -1893425364L, 1855487220L, -1648364142L, 636045664L, 
-640546804L, 727165152L, -152418718L, 965046440L, -902997940L, 
-1055148164L, -923599566L, 1980264048L, -691370172L, -624186408L, 
-550998150L, 673039408L, 212926396L, -1530619308L, -440766398L, 
-365062496L, -81458500L, 782755792L, -815077022L, -1705440536L, 
-1038314292L, 663964156L, -1721249294L, -1562472320L, 1095683572L, 
1615317640L, -110319814L, 1250515280L, 953522284L, -2119719532L, 
1745464402L, 717664736L, 792756428L, 1462897312L, 860008834L, 
-1660521240L, 1948441324L, 1664069948L, -325628814L, 781786736L, 
696497700L, -1080459208L, 740562202L, 1027764432L, -917492420L, 
177721236L, 423081858L, 135679936L, 311332412L, -2076958320L, 
1683383330L, 2093039880L, 1929864332L, 1093268252L, 442388626L, 
1958494592L, -1886905324L, -1116055768L, -446857670L, 1494729168L, 
-1175232148L, 1870720948L, -1459816942L, 1187238880L, 1354028492L, 
1937925344L, -1963677662L, -635891928L, 717710860L, -1208235204L, 
-1608156174L, -90123536L, -1988525500L, 1619519064L, 1344761658L, 
1624910832L, -1909350724L, -907592428L, -2009095998L, -105839520L, 
-1595993732L, -2036387888L, 835553570L, 403611304L, -962800756L, 
-1871129412L, -490903758L, 902476352L, 1410665652L, -491953080L, 
190767546L, 1875291664L, 244639980L, -1702874796L, -994218222L, 
412571040L, -1055135028L, 1407444576L, 495189954L, 102464296L, 
-1769200212L, 324483388L, 768710514L, -211486416L, -1023693020L, 
-2040614291L, 1706389015L, 1656155104L, -1608190018L, 1224828299L, 
1848718861L, -1598526918L, 1872175736L, 857229857L, 1021846739L, 
727262196L, -1213299582L, -512717545L, 816192481L, 1321692454L, 
-479777756L, -1405212971L, 402375295L, 93557528L, 189106742L, 
1259171011L, -1802108667L, 803362978L, 1372925584L, 1786612281L, 
883299051L, -1410747428L, 661542410L, 836126975L, 1679895881L, 
1944985310L, 44270732L, -1140755363L, 1129523815L, -1539402864L, 
-388548690L, 667293275L, -682513859L, -2118042454L, -569406136L, 
1607528817L, -2068392221L, -639189532L, -2039828206L, 1865157863L, 
239237809L, -1656102666L, 627108628L, -847248347L, 1584914735L, 
1552439016L, 1331405766L, -1481845133L, 1721563349L, -1457872206L, 
405465728L, 2014497385L, -185786661L, 579566124L, 2000671290L, 
-1797415697L, -1077727367L, 593048590L, 615000540L, -196842931L, 
1454258615L, 1893062464L, 566308382L, 1905400043L, -866252691L, 
1653612762L, 391856280L, -1309509887L, -1668006733L, 1261909972L, 
-713157918L, 1131287415L, -386072895L, -490252730L, 1176947076L, 
551319349L, -1696537313L, 1039215736L, -943187626L, 1264842723L, 
1694998949L, 1234949186L, -439891408L, 580870745L, -1737042997L, 
1517204540L, -1896474006L, -1851647841L, 1653330217L, 1891091902L, 
1792529580L, 2082484733L, -833275577L, -1398361552L, 1312166734L, 
735958907L, -1032888099L, 517253386L, 654560296L, 2131706001L, 
369177731L, 1339118980L, -1614605390L, -1701257977L, -83040431L, 
-389142826L, 765468596L, -104091707L, 923217679L, -453636728L, 
-992335706L, 1503565907L, -1395244619L, 1932101394L, 962940128L, 
1173602633L, 662649723L, 1753548364L, 78551002L, 1038443983L, 
528815001L, 95159214L, -105166660L, 341033261L, 128160471L, 821492512L, 
-1029481346L, 1583833675L, 2082173005L, -2135052678L, -1476815176L, 
1120244833L, -1008601581L, 892877876L, 1958830658L, 135333463L, 
-2072756831L, 1985535590L, 239160932L, 793095573L, -1665311041L, 
