x <- c(20, 30, 40)
x[3] # 40
x[c(2, 3)] # 30 40

# index by name
x <- c(A = 20, B = 30, C = 40)
x[c(2, 3)] # 30 40
x[c("B", "C")] # 30 40
